690	16
654	16
542	16
802	16
684	16
740	14
649	16
596	16
817	16
557	14
718	16
539	16
613	14
649	16
597	16
626	16
584	16
563	14
671	16
557	16
630	14
630	14
633	16
603	16
608	16
726	16
615	16
657	16
727	16
711	16
713	16
629	12
807	16
585	16
669	16
774	16
630	16
660	16
621	16
786	16
523	16
612	16
593	16
562	16
666	16
690	16
734	16
651	16
737	16
666	16
573	16
721	16
695	16
574	16
664	16
703	16
535	16
674	16
561	16
666	16
755	16
405	10
596	16
691	16
662	16
738	16
491	16
884	16
698	16
503	12
661	16
832	16
606	16
652	16
705	16
627	16
631	16
675	16
576	16
532	16
660	16
636	14
733	16
737	16
635	16
647	16
454	14
604	14
490	12
738	16
638	12
566	16
572	14
610	16
848	16
518	12
692	16
649	16
677	16
722	16
681	16
585	16
767	16
662	16
690	16
613	16
619	16
620	16
767	16
506	16
577	14
826	16
575	16
570	14
616	14
638	16
753	16
625	16
435	12
632	16
716	16
650	14
746	16
592	14
709	16
589	16
565	16
628	14
682	16
408	12
687	16
617	16
592	16
827	16
473	16
733	16
665	16
810	16
497	14
687	16
662	16
831	16
575	16
747	16
652	16
646	16
821	16
713	16
681	16
622	16
705	16
716	16
712	16
694	16
670	16
413	10
753	16
532	16
572	12
553	16
536	14
579	16
719	16
699	16
590	16
599	14
675	14
843	16
695	16
752	16
667	16
504	14
484	12
629	14
563	16
599	16
629	16
693	16
708	16
833	16
653	16
628	16
515	16
597	14
587	16
528	16
578	16
789	16
602	16
608	14
605	16
621	16
534	10
628	16
745	16
698	16
694	16
554	12
770	16
825	16
