9582	118
7573	98
8253	100
8595	104
7604	95
6931	80
6476	74
7772	90
7893	96
8290	102
8367	102
7305	85
7841	101
7844	91
8865	111
9720	125
6902	86
7570	95
7306	81
8753	104
6361	75
7512	93
8538	100
4884	55
6840	74
7695	90
9108	108
7773	98
7163	84
7460	89
7596	95
8937	100
9030	113
7373	87
7411	87
8025	92
8622	102
8119	104
6814	86
8611	106
8758	100
5511	67
7298	92
8695	104
7904	94
8463	102
8055	100
6868	83
8147	100
8055	98
6960	86
5277	62
7140	83
9073	108
8829	100
6954	81
5809	70
8706	108
8133	90
8150	99
8101	97
7969	89
8246	97
8501	104
8549	101
8818	101
8427	99
8001	95
9317	112
9034	109
8051	95
7379	86
8654	112
6344	72
7029	85
7654	90
6049	70
8498	105
7691	90
9360	116
8933	100
7251	95
8168	99
8796	109
9276	107
7439	88
8606	98
8406	106
8915	113
7576	85
8078	92
8419	104
7731	94
9261	112
6764	76
9548	116
10101	120
7026	82
8873	107
8404	104
5643	63
