10846	118
11355	118
11546	122
12402	127
12022	127
10020	110
10501	111
8546	82
9881	102
9045	92
13375	144
10830	108
9536	96
9768	97
10396	107
10001	103
6300	64
11168	112
13157	141
11093	121
10006	105
13740	142
6537	64
9730	104
10473	105
7930	89
6385	62
14835	159
9273	95
11243	116
11364	120
10401	106
10224	103
10331	109
8348	94
11676	131
9161	95
11527	126
11313	116
12777	135
10167	102
9890	101
11410	122
10580	114
11998	135
10070	103
12734	130
10854	118
11971	126
13131	139
13736	148
7336	76
9064	96
10223	109
9385	99
11445	117
12103	127
8491	86
4656	46
9827	98
11115	120
12871	142
9493	99
10589	112
10406	109
10748	110
12121	127
10816	116
11797	122
10828	118
7703	85
12062	129
10347	108
12309	135
9048	88
13156	143
11035	113
12022	120
7920	81
9620	99
12152	131
7666	76
10594	104
5991	61
10435	104
7706	78
11761	113
8059	88
11174	115
10278	106
12757	140
11644	128
9631	99
10038	107
12093	125
11719	124
11933	124
8274	89
11713	121
11209	114
