125	4
167	4
166	4
204	4
137	4
158	4
118	4
192	4
187	4
136	4
190	4
168	4
157	4
124	4
159	4
114	4
163	4
129	4
196	4
175	4
195	4
163	4
206	4
198	4
151	4
165	4
168	4
128	4
158	4
78	4
133	4
86	4
204	4
74	4
81	4
134	4
84	4
182	4
173	4
177	4
198	4
132	4
192	4
221	4
155	4
84	4
172	4
233	4
131	4
199	4
165	4
75	4
200	4
210	4
253	4
91	4
160	4
145	4
146	4
154	4
192	4
233	4
87	4
140	4
156	4
98	4
135	4
165	4
152	4
131	4
203	4
176	4
192	4
202	4
[2J[0;0H*******
| T - |
| S H |
*******

SCORE: 112
YOU HAVE EATEN 2 MOOGLES

SNEK HEAD	(1, 1)
SNEK TAIL	(0, 0)
LENGTH 	3
CURR FRAME 0 vs TIME OUT 6
112	3
165	4
172	4
125	4
139	4
89	4
192	4
245	4
161	4
150	4
114	4
121	4
152	4
124	4
88	4
133	4
122	4
199	4
163	4
121	4
164	4
127	4
146	4
178	4
171	4
116	4
[2J[0;0H*******
| T - |
| S H |
*******

SCORE: 86
YOU HAVE EATEN 2 MOOGLES

SNEK HEAD	(1, 1)
SNEK TAIL	(0, 0)
LENGTH 	3
CURR FRAME 0 vs TIME OUT 6
86	3
131	4
129	4
182	4
184	4
117	4
[2J[0;0H*******
| S H |
| T - |
*******

SCORE: 133
YOU HAVE EATEN 2 MOOGLES

SNEK HEAD	(1, 0)
SNEK TAIL	(0, 1)
LENGTH 	3
CURR FRAME 0 vs TIME OUT 6
133	3
170	4
160	4
184	4
121	4
185	4
155	4
206	4
144	4
156	4
242	4
136	4
135	4
113	4
72	4
139	4
126	4
157	4
122	4
126	4
124	4
227	4
145	4
116	4
188	4
115	4
162	4
210	4
76	4
70	4
208	4
204	4
225	4
171	4
160	4
132	4
145	4
215	4
136	4
108	4
213	4
170	4
158	4
117	4
130	4
213	4
167	4
125	4
116	4
140	4
148	4
235	4
214	4
185	4
229	4
183	4
171	4
228	4
158	4
170	4
213	4
172	4
131	4
157	4
170	4
113	4
153	4
136	4
127	4
187	4
149	4
126	4
230	4
146	4
169	4
202	4
94	4
78	4
158	4
141	4
86	4
164	4
160	4
148	4
165	4
164	4
170	4
191	4
132	4
128	4
141	4
156	4
148	4
149	4
