2412	44
1845	32
2535	47
3074	56
3023	55
3378	61
1519	29
3300	57
2689	47
3525	59
3005	50
3036	56
2161	34
3279	52
3211	58
2352	43
3130	56
3056	52
3400	60
3233	52
2528	43
2964	54
3404	60
2777	48
3476	62
3255	52
3444	60
2800	52
2721	50
2545	50
3111	57
2716	48
2612	48
2963	58
2966	52
2984	49
3038	51
2780	48
2845	51
2288	42
3152	54
3055	54
3459	62
2682	48
2735	49
2997	54
2878	52
3115	50
2615	52
2513	43
2175	36
2741	48
3166	55
1885	33
2782	48
2737	50
3335	58
3010	50
3092	54
2674	51
3225	60
3078	56
2462	43
2884	56
3072	58
2830	51
3020	51
3021	51
2406	44
2593	49
2716	46
2660	46
3080	53
2704	48
2463	42
2864	57
3155	59
1899	37
3153	54
3282	60
3481	62
2840	48
3145	56
2984	51
2806	50
2776	50
2992	54
3092	55
2584	46
3142	54
2840	54
3459	60
2933	50
3091	54
3184	57
2413	46
2904	50
3133	58
2901	54
2743	52
3095	56
2790	49
3072	56
2759	49
2836	48
3090	56
3093	58
3262	53
2866	51
2565	45
2814	52
2934	50
3005	53
2719	49
2963	53
3019	51
2917	50
3466	61
3116	58
2118	38
3604	60
2631	46
2967	50
2728	51
2872	50
3024	50
2938	50
3582	61
3018	59
3203	54
3013	54
3190	58
3172	54
2727	49
3121	57
2902	48
3013	48
3124	50
3051	58
2666	46
3550	62
2947	50
2752	52
2642	46
3075	56
2366	44
2994	56
3343	54
3003	52
2303	38
3119	56
3057	59
2703	51
2549	50
2720	52
3251	58
2932	46
3106	58
2403	46
3108	54
2874	54
2434	45
2865	52
2594	48
3490	59
3154	60
3523	58
3136	52
3516	60
2698	50
2664	44
3203	60
3275	56
2945	52
2001	34
3516	60
2470	41
3480	58
3150	56
3240	56
2702	46
2831	50
2574	48
3336	60
3312	60
2899	50
2563	46
2827	54
2673	47
2754	52
2221	38
2736	48
2775	49
2898	53
2987	50
3039	50
2898	50
2464	42
2852	50
3295	57
