1866	36
733	16
1689	34
1733	34
967	20
1405	28
1495	32
1513	30
1624	32
1723	36
1759	36
1260	26
1728	34
1619	36
1677	32
1522	34
1586	36
1656	32
1388	28
1648	33
1244	27
1504	32
1503	26
1651	36
1757	34
1017	22
1512	30
1462	30
1183	26
1779	30
1631	32
1339	29
1508	30
1709	36
1791	36
1809	36
1546	36
1666	36
1408	28
1568	36
1183	24
1285	28
1536	32
1576	33
1446	32
1822	36
1604	32
1723	34
1624	36
1318	32
1549	36
1395	26
1590	34
1586	33
1653	30
1797	36
1379	32
1670	36
1749	34
1770	36
1574	36
1343	34
1903	36
1717	36
1561	36
1405	30
1356	29
1660	34
1300	31
1705	34
1600	31
1904	36
1178	22
1651	36
1655	30
1623	36
1454	31
1742	36
1655	36
1588	36
858	19
1725	34
1736	34
1396	34
1601	36
902	18
1534	32
1658	36
1491	36
1680	32
1628	36
1409	28
1094	28
1791	36
1701	32
1452	26
1608	32
1534	34
1771	36
1472	30
1561	36
1472	36
1574	30
1340	26
1598	34
1620	34
1456	36
1660	30
1449	31
1459	31
1751	34
1843	36
1616	32
1695	34
1852	36
1745	36
1588	36
1591	32
1444	32
1398	30
1213	23
1528	34
1891	36
1558	32
1511	32
1597	30
1965	36
1546	36
1677	32
1531	36
1483	30
1654	34
1890	34
1525	34
1709	32
630	15
1374	28
1677	36
1656	36
1588	26
1911	36
1769	30
1635	32
1779	36
1708	32
1562	34
1863	36
1538	32
1629	33
1671	36
1578	28
1749	36
1434	30
1677	36
1626	34
1579	36
1400	32
1657	36
1508	32
1766	36
1618	36
1584	33
1664	36
1513	32
1482	32
1585	34
1491	32
1604	32
1638	32
1465	34
1331	32
1602	36
1539	36
1611	36
1580	32
1632	36
1331	30
1698	36
1326	24
1710	32
1529	36
1681	34
1679	34
1599	36
1616	34
1359	31
1755	34
1661	36
1635	34
1082	20
1292	26
1692	36
1692	31
1589	34
947	21
1895	36
1721	32
1524	32
1482	28
1610	36
