5605	71
6424	80
4841	57
6369	84
5713	72
8004	108
3215	36
6379	86
7659	99
6863	86
7633	97
6696	82
7022	94
8040	106
6374	76
7156	91
6584	88
7133	92
5191	70
8352	110
6281	84
6785	90
6967	94
6099	79
7604	101
7577	101
6288	76
5780	77
6466	81
7958	103
7142	94
6380	83
8197	105
6465	82
6957	92
8366	111
7148	89
6615	94
7830	103
7398	95
7286	95
7768	100
6632	85
6634	89
6587	85
6771	90
8061	102
6365	77
5627	72
6397	77
6199	78
7365	102
6463	82
5895	73
6927	94
6616	87
6820	85
7463	99
4849	56
7386	91
5732	75
7718	99
7187	96
7527	100
6669	80
7036	92
8483	115
6124	78
6969	96
7755	102
6701	87
7484	99
5789	71
7102	90
7442	97
6983	91
6555	88
6514	87
7390	101
6919	87
7843	97
6722	89
6268	81
6279	76
6990	90
5141	65
7494	102
6685	84
7504	97
6334	77
6055	79
7352	91
6686	88
6348	83
5526	70
6987	86
6843	97
7194	99
7549	102
8450	112
7107	95
7010	92
6823	91
4647	58
7111	87
6648	82
6795	83
7681	95
6791	85
7361	89
7872	104
5287	64
7693	98
6404	84
3874	52
7220	98
8116	107
7482	99
6018	78
3833	44
7224	96
6318	81
7657	96
7181	92
6868	86
5861	71
8144	104
7661	100
7556	90
6601	84
6965	94
6407	81
7355	100
7168	95
6276	84
5303	66
7684	101
5884	74
6771	88
7737	99
6826	87
4233	51
4917	62
7069	90
7680	96
7386	90
7375	94
8298	103
5035	65
6468	80
7163	92
3852	45
7607	95
6589	86
6734	78
8157	101
6879	84
8145	112
7119	90
6832	93
7801	100
6074	76
7413	97
6287	79
6086	76
7587	101
5721	73
5502	70
5998	76
7707	106
5830	70
6524	85
7213	94
3202	39
6531	84
6866	95
6417	82
8318	112
6581	90
7749	106
6603	86
7516	105
7097	92
7346	98
6452	82
6263	76
5637	67
6532	84
7061	86
6774	90
6302	85
7321	96
6609	85
7395	97
5783	69
5960	74
5578	74
5673	72
6543	86
6264	75
