6475	93
3774	46
5436	77
5517	78
7370	98
5719	81
5103	72
5469	71
5722	86
5910	84
4404	58
6153	86
4487	66
5517	76
5083	65
5530	77
5665	84
6690	95
5079	65
5066	72
4201	56
7063	96
6243	90
5849	75
6039	78
5928	90
6915	99
5593	83
5308	73
5522	81
6879	95
5463	78
6038	86
5912	81
5639	74
5040	69
5990	94
5236	72
5598	77
5867	84
6132	92
4690	63
5394	75
5081	70
6038	88
5770	81
5372	80
6057	84
5040	70
5866	88
6907	92
6031	83
6010	87
5608	82
5505	74
5114	65
4718	67
5001	68
5213	71
4879	72
5963	86
6386	90
5013	67
5579	79
5662	75
6502	90
5107	71
5962	94
5657	78
6462	92
4556	62
6168	82
5022	72
6213	85
5182	68
5110	79
5765	80
6012	92
4699	66
4439	56
6657	92
6321	89
5449	74
6718	89
6479	89
6536	86
5185	71
5497	78
6316	84
5774	81
5345	74
6187	87
6227	88
5273	69
7014	98
4950	68
4766	69
6220	93
5391	71
6505	96
6104	91
6343	87
5452	81
5973	78
5105	72
5745	83
5438	72
5602	77
5960	84
5384	71
5445	78
5711	83
6200	86
5704	83
5299	74
5220	74
4108	56
4769	65
5071	72
5952	88
6285	88
5257	78
5609	86
5941	82
5105	68
5268	75
4520	60
6167	87
7036	93
5778	82
5573	79
5084	72
6486	88
4900	62
6093	87
5247	74
5099	70
5836	82
6358	97
5648	77
5665	77
4998	72
4089	54
5881	81
5603	81
5356	80
5782	80
6590	94
3055	38
5542	76
5222	78
5163	73
5351	78
5770	82
6311	84
5251	73
5617	77
5145	72
5275	72
5556	76
5349	76
5142	72
6126	87
6017	84
5723	83
4283	55
5550	78
5421	72
6081	88
4460	54
6906	98
5514	75
5908	76
5927	84
6386	87
5854	80
4354	62
5058	74
4692	64
5523	74
6128	86
5606	76
5343	68
6070	83
5049	68
5452	75
5058	66
4421	60
4710	66
5092	69
5067	69
5318	75
5145	66
6057	87
5034	70
6114	83
4823	68
5371	72
6401	92
5739	79
