4901	76
4863	70
5640	82
3901	58
4726	70
5244	78
4749	71
4280	62
2422	33
4647	73
3879	56
4540	70
4224	62
4133	66
4915	78
4396	65
4113	61
4452	64
4848	76
4421	67
5496	82
5341	75
5076	78
4222	65
4667	70
4039	57
4910	74
4347	70
4442	66
4611	69
4102	66
4702	72
4527	67
4254	61
5202	81
5032	76
3976	64
3931	63
4365	69
3164	46
4300	64
4330	66
3995	61
4103	64
4448	69
4561	73
4399	62
5117	74
4400	67
4696	73
4674	74
4991	72
4611	71
4663	72
4508	72
4950	78
4300	66
4575	68
5411	84
5135	73
4822	70
3447	55
4550	67
4063	67
2242	32
4751	72
4464	67
3725	58
4904	74
4180	63
4426	68
4686	74
5133	81
4952	81
3638	54
4512	71
4317	63
4828	69
4482	63
4821	72
4076	58
3900	58
4093	61
4804	73
4526	67
4202	60
3264	42
4347	69
4062	64
4303	61
4811	67
4290	67
4459	65
4487	77
5065	75
4535	66
4406	66
4727	69
4353	64
4709	71
4665	68
4779	71
4262	69
4159	64
4835	73
4993	71
5168	81
4388	63
3776	60
4577	69
4348	63
5052	82
3783	56
2851	42
4595	66
4933	70
5062	72
4635	71
5256	79
4848	74
5288	80
2162	30
3985	66
4777	82
5218	80
6080	90
4574	70
3517	50
5168	76
4156	61
5313	86
3899	62
4570	68
5068	80
4803	82
4401	66
4929	78
5383	75
4719	71
2436	32
5388	82
5545	85
4462	64
5268	79
4474	72
4377	64
2976	40
2895	40
3758	63
4362	69
4637	71
5128	75
4647	73
4405	66
5046	76
4246	62
4366	59
5244	72
4820	68
4042	64
4983	75
4704	72
4795	72
4237	66
4165	62
4565	69
3285	49
5035	82
4389	70
5030	78
4643	73
4209	65
4159	61
4708	69
5018	68
5290	84
3950	59
4816	79
4734	70
5220	75
3930	56
4062	57
4340	69
3966	59
4327	69
4217	62
4449	72
3988	56
5189	75
4427	62
5164	75
4806	76
4564	63
4990	76
4792	74
4643	68
4508	67
3991	63
4464	67
4304	66