14986	140
14690	142
14592	140
12187	111
14578	136
16716	153
15928	156
14185	126
12351	113
12780	117
14884	140
12367	107
15512	146
17499	162
16582	153
11008	99
12480	115
13508	122
18280	171
12190	121
12746	117
13105	121
12985	120
15518	147
14339	130
12026	107
14912	133
13657	130
10302	89
13654	129
17110	165
7581	69
14191	133
13661	127
18573	179
16062	159
12304	110
14352	129
13375	120
14620	138
15859	152
13372	128
16008	148
11900	109
17704	169
8633	82
14476	130
16022	144
14355	142
11299	103
17772	157
13606	132
14303	136
11025	101
14005	129
13416	122
16278	151
13012	122
16003	145
14563	132
12876	125
12332	119
13839	129
16770	164
10140	91
13157	124
11213	100
13611	124
15135	146
8703	74
14217	129
10373	92
10296	96
16399	153
15960	153
15361	142
18222	182
12369	116
15547	143
14026	132
17198	156
14207	130
14628	133
11378	110
11781	112
17335	164
10512	94
14842	139
14865	140
13503	131
18318	172
13185	119
13085	119
16437	154
13224	117
14548	131
13850	121
9531	84
8176	74
11162	103
