27030	181
31983	207
26520	167
32778	209
33637	216
26380	162
18917	124
34156	228
31463	205
23468	150
26306	176
32506	218
21522	135
31802	204
30429	196
26132	167
28189	185
26247	172
25181	167
32668	212
29608	204
31422	205
21569	137
30096	189
34402	228
29715	185
27190	170
30009	194
26241	179
26709	171
33835	225
27588	178
19007	120
26070	169
20129	126
26332	170
26805	176
28235	184
33337	217
29461	191
26282	167
25951	167
28437	181
24807	168
25662	170
22778	142
30219	198
31557	204
27886	177
25021	161
