1041	24
1080	24
1168	24
1090	24
1062	22
782	17
1021	22
1055	24
1126	22
1106	24
1130	24
1062	24
1045	24
1128	24
1060	24
931	24
933	24
931	22
1030	24
973	24
1083	24
1035	22
884	22
1202	24
977	24
955	22
1048	24
989	22
1056	24
1211	24
1039	24
1024	24
1042	24
927	20
1118	24
1022	24
1068	24
818	18
1015	22
910	22
1013	24
1077	24
887	22
999	24
1131	24
1021	24
1374	24
1050	24
1102	24
851	22
1006	24
1244	22
1148	24
1073	24
1108	24
1129	22
1196	24
1105	24
950	22
988	24
1012	24
626	17
951	22
1247	24
820	20
963	24
1069	24
1059	24
842	18
1140	24
1120	24
1025	23
1028	24
1012	22
1113	23
816	19
1357	24
1076	24
1089	24
1276	24
951	22
1186	24
1207	24
1207	24
1149	24
1034	22
1041	22
952	22
1155	24
668	14
871	18
1034	24
1137	24
1127	24
937	22
751	18
1141	24
1270	24
934	24
1054	24
1284	24
963	24
814	16
933	24
950	22
1033	22
1108	24
1035	20
957	24
1053	24
1050	24
902	20
1202	24
1059	24
939	22
1268	24
809	18
1106	24
1023	22
931	22
1066	24
1099	24
964	20
889	20
1117	24
1038	24
1107	24
1089	22
965	22
893	24
1111	24
1103	24
1339	24
1070	22
848	16
969	22
1041	24
997	24
1238	24
1054	22
943	20
865	16
891	24
829	16
968	24
949	24
1101	22
968	22
1090	24
752	18
1223	24
850	20
824	20
1237	24
866	16
1200	24
1082	24
914	22
963	24
967	20
897	20
1057	24
980	22
1096	24
857	22
1112	24
1087	20
1019	24
1107	24
1035	24
1085	24
1092	24
1071	22
1063	24
1064	22
1132	24
1139	24
841	19
1178	24
1102	24
1022	24
1024	20
1131	24
1130	24
1159	24
1170	24
1068	24
1236	24
1130	24
933	22
1134	24
944	16
1022	24
1147	24
1126	24
998	24
1090	24
997	20
1026	22
1156	24
