9081	103
9091	100
11854	134
10778	116
8090	88
10836	132
8633	90
7674	84
6568	69
10067	108
10182	115
9501	104
7476	84
9406	104
8733	102
9148	101
10688	124
9085	106
9535	104
9204	101
11011	123
8442	96
11154	126
7475	82
11159	125
9111	101
9249	99
10692	118
8332	88
11247	126
9664	109
10328	118
9220	99
8759	97
11041	121
10035	108
10243	122
10115	116
9483	116
8635	98
9017	103
7074	77
9456	101
9661	101
9370	100
11095	124
10369	114
9903	112
11070	125
9388	109
10056	108
11294	131
11593	138
8178	92
12110	140
10529	119
10590	120
8174	97
9459	102
9979	105
6189	65
9649	107
10054	118
10621	119
7768	82
10886	126
9914	111
9189	106
9468	110
11120	122
8594	97
8448	95
9964	112
9013	102
8999	100
9693	107
11141	135
10048	112
8196	98
7654	88
5408	57
9201	105
5934	62
9689	110
5990	66
8441	97
7881	87
10555	114
8589	97
11515	134
9697	118
8110	89
10087	111
11072	123
11233	132
9649	109
8891	95
9914	106
10006	112
7604	90
