17204	137
13784	103
16992	144
16925	133
15687	124
19005	152
16269	125
19785	160
15796	126
19232	157
17233	141
21136	170
18138	144
12949	107
18421	151
17436	143
15512	124
13850	112
17862	143
18437	150
17276	146
16572	131
20005	165
19850	162
17576	144
13409	109
16406	131
19354	146
17529	137
17874	144
20321	165
16867	128
15953	126
19220	154
14999	117
17562	138
13284	107
18598	153
10186	77
20413	167
20009	160
20607	154
18854	149
19601	162
19294	159
19049	148
16587	133
19211	154
20261	160
19196	152
17669	144
16244	131
17615	138
20281	161
17278	134
19030	149
16533	133
15364	126
11757	91
19434	156
18333	144
19578	155
14423	110
17219	131
21170	170
22505	183
19988	165
14507	109
17389	142
21928	171
21606	174
21727	173
13989	110
15493	121
20598	165
15939	125
16435	128
17229	137
19763	156
23873	188
19575	154
18483	142
21447	171
21394	167
17219	138
17620	142
18378	148
17664	140
20352	163
19885	161
17369	138
20681	170
14520	113
17991	141
11516	87
9559	75
19946	164
20305	157
21498	169
21299	172
