326	8
228	7
418	8
264	8
314	8
292	8
321	8
458	8
317	8
281	8
273	8
355	8
307	8
283	8
304	8
335	8
376	8
322	8
400	8
350	8
347	8
349	8
304	8
403	8
328	8
267	8
442	8
402	8
304	8
254	8
282	8
319	8
377	8
381	8
393	8
343	8
336	8
332	8
263	8
300	8
371	8
241	8
412	8
273	8
403	8
329	8
305	8
387	8
392	8
357	8
289	8
482	8
396	8
242	8
313	8
365	8
303	8
277	8
344	8
345	8
365	8
263	8
312	8
421	8
294	8
380	8
385	8
342	8
466	8
377	8
287	8
473	8
393	8
358	8
307	8
254	8
335	8
366	8
371	8
244	8
398	8
388	8
386	8
481	8
560	8
404	8
334	8
322	8
361	8
294	8
316	8
392	8
293	8
342	8
294	8
350	8
391	8
387	8
430	8
280	8
367	8
285	8
321	8
267	8
435	8
312	8
360	8
370	8
393	8
327	8
347	8
258	8
407	8
359	8
298	8
228	8
352	8
237	8
388	8
341	8
359	8
337	8
292	8
323	8
377	8
325	8
278	8
296	8
333	8
321	8
334	8
253	8
356	8
309	8
242	8
288	8
279	8
409	8
407	8
245	8
441	8
414	8
406	8
397	8
336	8
306	8
303	8
347	8
265	8
412	8
314	8
363	8
431	8
359	8
476	8
354	8
369	8
345	8
338	8
283	8
363	8
308	8
332	8
317	8
303	8
340	8
276	8
356	8
265	8
258	8
394	8
356	8
305	8
331	8
296	7
250	8
379	8
356	8
302	8
366	8
369	8
436	8
304	7
361	8
295	8
302	8
372	8
272	8
393	8
268	7
353	8
240	8
336	8
355	8
371	8
433	8
317	8
337	8
258	8
411	8
