11691	116
14767	145
9998	98
12417	120
12131	119
12776	128
12148	121
14217	148
11961	116
10813	104
14151	144
11588	111
10119	101
12885	132
6032	57
10975	106
14651	141
10543	103
8239	84
14202	139
10532	101
14224	148
13149	130
12972	134
12091	113
15875	153
12736	127
11592	113
13280	138
9801	96
13326	129
11405	115
12234	116
12974	130
11570	114
9737	91
14143	137
11308	112
10472	104
13999	139
11048	108
12423	126
11346	114
9633	91
11507	113
14974	150
14437	154
14779	150
6798	64
9598	95
12200	121
11475	110
12410	122
15628	167
11458	107
11954	117
12496	129
9303	92
8842	84
7974	78
14598	148
12995	129
13689	145
12533	134
13276	129
8419	75
11173	106
13398	134
13718	134
10585	96
14396	151
12440	127
11697	112
11209	106
8415	80
13328	131
14357	142
11776	114
13453	132
12900	128
12651	123
11861	124
10677	106
14322	142
13521	133
13446	140
12219	124
12416	128
12171	127
12897	125
10601	106
14995	152
10949	98
12608	118
11987	118
13375	133
12819	128
8640	79
13066	132
14497	147
