2219	46
2468	46
2250	42
2308	44
2549	48
2342	42
2219	40
2252	40
2127	38
2330	44
2522	48
2391	48
1859	39
2432	46
2263	44
2239	42
2180	43
2071	42
2392	48
2040	38
1883	36
2245	42
2043	44
1475	28
2452	44
2266	46
2407	48
2465	48
2270	44
2154	44
2154	44
2035	40
2356	41
2513	48
1919	40
2209	42
1707	35
1896	40
2236	42
1529	26
2095	42
1884	38
2321	42
2279	44
2046	40
2573	48
2403	48
2443	45
1785	38
1907	40
2362	48
2169	45
2059	36
1950	39
1399	28
2578	46
2361	41
2244	41
2017	40
2008	38
2314	46
2477	44
2198	38
1780	36
2242	46
2037	40
2348	48
2379	43
2256	44
2120	42
2585	48
2426	40
2223	44
2217	42
1981	38
2193	42
2134	40
1874	40
2185	46
2225	39
1745	34
2218	39
1746	36
2141	46
2202	40
2408	41
1834	36
2473	48
2174	44
2230	40
1971	42
2131	43
2301	46
2107	38
2361	46
2065	46
2371	44
2189	40
2291	42
2070	40
2148	40
2425	46
1960	38
2169	44
2352	44
2141	44
2458	48
2093	42
2418	44
2281	38
2324	44
2042	40
2031	39
2526	48
2260	46
2256	48
2280	42
2222	44
2229	44
2399	46
2212	44
2009	41
2349	47
2088	37
2267	44
1824	34
2108	40
1918	34
2310	42
2068	40
2197	40
2026	40
2232	42
2257	45
2427	46
2003	44
2495	44
2262	44
1744	37
2064	39
2379	41
2282	47
2082	41
2067	41
2178	43
2138	42
2281	48
2159	46
1838	34
2449	44
1776	38
1947	38
2006	39
1771	34
2193	44
2181	44
1736	33
2233	44
1847	38
2232	43
2290	42
2804	46
2045	40
2303	46
1776	34
2347	44
2328	44
2078	40
2558	46
2025	38
2271	46
2436	48
2066	46
2235	40
2552	46
2109	39
2018	41
2402	48
2247	43
2033	42
1995	40
2427	44
1774	38
2422	46
1565	30
2064	38
2435	48
2329	46
2417	48
1256	26
2238	46
1980	38
2321	46
2469	47
1988	40
2065	40
1113	20
2243	44
2071	40
2176	48
