4054	60
3845	64
3937	62
3891	64
4367	66
3789	64
4101	68
3350	54
4065	70
3681	61
3866	70
3358	59
2114	32
4105	64
4283	65
3767	61
3362	54
3931	62
3909	68
4425	72
4380	70
4283	70
3908	62
2231	34
4043	64
3697	62
3762	66
3673	56
3327	52
3934	67
4318	68
3759	66
3332	54
3163	55
3522	62
3712	58
3688	58
4344	72
3758	64
3668	58
3771	58
3835	60
4024	67
3371	57
2928	44
4105	66
3822	62
4044	66
3485	56
3779	60
3637	59
4097	60
4203	68
2997	51
3669	62
2723	41
3588	57
3395	58
3319	57
3713	56
3839	64
3869	67
3706	61
3563	54
3893	67
3845	64
3709	56
3560	57
4444	70
4063	64
3756	64
4405	77
3606	58
3953	61
4274	70
3787	61
1446	23
3102	55
4300	73
2890	42
3278	54
3443	53
3296	51
3796	65
3258	58
3667	56
4060	64
3699	57
3841	62
3724	57
3862	65
3215	51
3637	61
3769	60
3310	58
3760	63
4571	80
3132	46
4136	69
4447	73
3567	58
4221	68
3734	64
4322	72
3702	63
3753	64
3480	58
3359	58
4110	67
3549	60
3632	62
3106	52
3268	52
3519	58
4059	70
3877	66
3462	57
3608	59
3476	56
3792	61
3542	58
3197	48
3822	60
3449	55
3604	60
3562	57
3123	54
3750	62
2148	36
3738	60
3663	60
3374	53
3914	65
3834	64
3424	59
3169	48
3730	62
2999	52
2809	46
3333	55
3223	54
3265	55
3816	60
3568	58
3233	48
3645	66
4238	66
3655	56
3743	64
2995	52
4045	70
3036	50
2924	44
4277	67
3471	59
4344	71
3768	60
3318	56
4259	66
3712	61
3533	60
3341	53
3955	64
3258	60
3690	60
3016	51
3280	48
3067	54
3115	50
3398	52
3807	61
3850	60
4142	69
3500	57
3617	55
2570	45
2647	42
4629	76
3924	63
3985	64
3846	66
4296	76
3976	64
3501	64
4231	68
4262	69
2415	39
3423	58
3543	57
3991	66
4129	74
3770	62
3814	61
3549	58
3151	50
4127	68
3549	63
3594	57
4146	65
4421	73
