7182	58
19342	175
10804	94
14411	131
16207	147
14666	122
13300	116
18092	164
16684	146
11000	95
13586	119
11522	102
17893	164
17627	158
8757	77
19100	172
18389	158
16410	142
11831	102
16559	146
15741	141
15115	136
15591	141
15229	137
16326	146
19070	177
17721	156
13653	118
14596	130
16994	150
17192	154
14004	124
10945	90
18195	173
16864	147
15652	144
15683	140
17156	156
15158	134
16694	145
17365	150
14088	120
18004	159
11156	95
14715	139
18767	170
15484	138
16645	149
10653	94
11102	99
18292	168
12421	104
18367	159
16869	149
15446	136
18233	174
16840	153
14202	121
10617	97
16820	143
14988	128
15531	141
10212	90
